2                                                            2            
2    0      22  2 2   8      323                             2            
222222222222  22 2 2222222333   222222222222222222222222222222
                                                    2  
                                          2    222 22                                            
     1    22    66  55  222      2    2          2 2     2222222222      2                            
    222                                          2 2    2             7  2                     
                                                 2 222222 222 2 2222222222
                                                 2     8  2  2 2                               
                                                  22222244
#//終了
