2
2
2                                                                                                    7
2                                                                                       8           333
2                                                              24   222              333   555
2                                                         2   4          333    55
2                                                         2   4              33
2                                                       332   4              33
2    0   1     222   222  22  222   555           55         44
2          4                     222       8   2
22222222222         22233                  2222233
#//終了
