2                                                                          
2                                                                          
2                                                                               7
2                                                                       8     333
2                                                  42 222              333555  
2                                             2   4        333    555      
2                                             2   4            33          
2    0 1   22  222      222 222              22 44                         
2         42            2      222       8   2                  
2222222223        2223322          66  2222222                 
#//終了
