2             8                  2     2                           2
2     2   1 222222     2     22    2     22                        2
2     222222     4444444455555554445545554444444445222    8        2
2                                                        222       2
2                                                     2 2          2
2                                          3444 22 222 2           2
2 0 7                                 22 66                        2
2                               22 555                             2
2                             33                                   2
2             2 2     33333                                        2
22222222222222   222222222222222222222222222222222222222222222222222
#//終了
