2                                                                                    2222
2                                                                                       222222222222222222222
2                                            8                                  22       
2                                          222 2 2444                           2  4444                 7
2                    22          443333 22    2 2        66    2            22 22      4333334444443344444444
2          33 55          6655                          2    55  66      8  2
2  0 1    2                                                            22222
2333333332                                                                      
2                                             
2
#//終了
