2 0 1             2                                                           
2      2 2       22        55     5        5                                  
22222222 222  222 2 2 2 2 5  22   2    22   3333333              2                            
2       4   33     2 2 2 2222  222 2222  222      444444444      2                                   
2                                                                2
2   7   222   55             2                                   2          
2  2222          66  8    55  66 2 55                            2          
2                   222              4444   22                   2          
2                                               2222             2          
2                                                       8        2         
22222222222222222222222222222222222222222222222222222222222222222        
#//終了
