


                                                                                                 
2                                                                                                 
2                                                   7                                             
2                     2     2                      222                                            
2         8    2                         66   55                                                     
2   0 1       2 2    44444233333      22                                                                
22222222222222   2222           22222222222222222222222
#